205366 8251 82958 114157
China 36.56311586 103.7358068 80894 3237 69614 8043 
Italy 43.529028 12.162184 31506 2503 2941 26062 
Iran 32.564263 54.303672 17361 1135 5389 10837 
Spain 40.387696 -3.557391 13910 624 1081 12205 
Germany 51.121806 10.400695 10249 27 86 10136 
South Korea 36.451155 127.861144 8413 84 1540 6789 
France 46.62184 2.451944 7730 175 602 6953 
United States 39.495915 -98.989979 6539 116 106 6317 
	Alabama 32.806671 -86.79113 39 0 0 39 
	Alaska 61.370716 -152.404419 3 0 0 3 
	American Samoa -14.300688 -170.718116 0 0 0 0 
	Arizona 33.729759 -111.431221 20 0 1 19 
	Arkansas 34.969704 -92.373123 22 0 0 22 
	California 36.116203 -119.681564 472 11 6 455 
	Colorado 39.059811 -105.311104 183 2 0 181 
	Connecticut 41.597782 -72.755371 68 0 0 68 
	Delaware 39.318523 -75.507141 16 0 0 16 
	Washington DC 38.897438 -77.026817 22 0 0 22 
	Florida 27.766279 -81.686783 195 5 0 190 
	Georgia 33.040619 -83.643074 146 1 0 145 
	Guam 13.443708 144.777742 3 0 0 3 
	Hawaii 21.094318 -157.498337 4 0 0 4 
	Idaho 44.240459 -114.478828 8 0 0 8 
	Illinois 40.349457 -88.986137 166 1 2 163 
	Indiana 39.849426 -86.258278 30 2 0 28 
	Iowa 42.011539 -93.210526 29 0 0 29 
	Kansas 38.5266 -96.726486 16 1 0 15 
	Kentucky 37.66814 -84.670067 26 1 0 25 
	Louisiana 31.169546 -91.867805 197 4 0 193 
	Maine 44.693947 -69.381927 32 0 0 32 
	Maryland 39.063946 -76.802101 57 0 3 54 
	Massachusetts 42.381633 -72.137189 218 0 0 218 
	Michigan 43.326618 -84.536095 65 0 0 65 
	Minnesota 45.694454 -93.900192 60 0 0 60 
	Mississippi 32.741646 -89.678696 21 0 0 21 
	Missouri 38.456085 -92.288368 15 0 0 15 
	Montana 46.921925 -110.454353 4 0 0 4 
	Nebraska 41.12537 -98.268082 21 0 0 21 
	Nevada 38.313515 -117.055374 19 0 0 19 
	New Hampshire 43.452492 -71.563896 26 0 0 26 
	New Jersey 40.298904 -74.521011 267 2 1 264 
	New Mexico 34.840515 -106.248482 10 0 0 10 
	New York 42.165726 -74.948051 1374 12 0 1362 
	North Carolina 35.630066 -79.806419 40 0 0 40 
	North Dakota 47.528912 -99.784012 3 0 0 3 
	N. Mariana Islands 15.188825 145.75351 0 0 0 0 
	Ohio 40.388783 -82.764915 67 0 0 67 
	Oklahoma 35.565342 -96.928917 17 0 0 17 
	Oregon 44.572021 -122.070938 47 1 0 46 
	Pennsylvania 40.590752 -77.209755 96 0 0 96 
	Puerto Rico 18.225064 -66.478913 5 0 0 5 
	Rhode Island 41.680893 -71.51178 23 0 0 23 
	South Carolina 33.856892 -80.945007 47 1 0 46 
	South Dakota 44.299782 -99.438828 10 1 0 9 
	Tennessee 35.747845 -86.692345 73 0 0 73 
	Texas 31.054487 -97.563461 64 1 0 63 
	U.S. Virgin Islands 17.73293 -64.766486 1 0 0 1 
	Utah 40.150032 -111.862434 41 0 0 41 
	Vermont 44.045876 -72.710686 17 0 0 17 
	Virginia 37.769337 -78.169968 67 2 0 65 
	Washington 47.400902 -121.490494 1012 52 1 959 
	West Virginia 38.491226 -80.954453 1 0 0 1 
	Wisconsin 44.268543 -89.616508 72 0 1 71 
	Wyoming 42.755966 -107.30249 11 0 0 11 
Switzerland 46.80021 8.229198 2742 27 15 2700 
United Kingdom 53.943838 -2.550564 2626 60 65 2501 
Netherlands 52.245771 5.565215 2058 58 0 2000 
Norway 64.238931 13.950632 1527 6 1 1520 
Belgium 50.641184 4.660569 1486 10 14 1462 
Austria 47.587086 14.141286 1471 3 9 1459 
Sweden 62.821792 16.735385 1196 7 1 1188 
Denmark 56.262275 9.336356 1092 4 0 1088 
Japan 36.653334 137.98169 889 29 144 716 
Malaysia 3.605468 114.710724 790 2 60 728 
Diamond Princess 35.448886 139.663087 712 7 527 178 
Portugal 39.679908 -7.968665 642 2 3 637 
Canada 56.130366 -106.346771 598 8 12 578 
Australia -25.578937 134.359718 565 6 43 516 
Czechia 49.739106 15.3315 464 0 3 461 
Qatar 25.285332 51.193252 442 0 4 438 
Israel 31 35 433 0 11 422 
Greece 39.347443 22.571271 387 5 14 368 
Brazil -10.776797 -53.068056 350 1 2 347 
Finland 64.51989 26.282998 333 0 10 323 
Singapore 1.35757 103.810225 313 0 114 199 
Ireland 53.184985 -8.14689 292 2 5 285 
Slovenia 46.119555 14.82176 275 1 0 274 
Estonia 58.683671 25.838702 258 0 1 257 
Pakistan 29.354203 68.801837 254 1 2 251 
Iceland 64.879642 -18.225616 250 0 5 245 
Romania 45.839131 24.984653 246 0 19 227 
Poland 52.129039 19.393702 246 5 1 240 
Bahrain 26.089246 50.562773 242 1 88 153 
Chile -35.232005 -71.218827 238 0 0 238 
Indonesia -0.210123 113.997229 227 19 11 197 
Thailand 15.130673 101.017781 212 1 42 169 
Luxembourg 49.776825 6.092341 203 2 0 201 
Egypt 26.578456 29.776876 196 6 32 158 
Philippines 15.948042 121.422599 193 14 4 175 
Hong Kong SAR 22.262653 114.198875 181 4 92 85 
Saudi Arabia 24.12412 44.550495 171 0 6 165 
Iraq 33.04443 43.775183 164 12 41 111 
Ecuador -1.46557 -78.397209 155 2 0 153 
India 22.493119 79.727013 147 3 14 130 
Russia 61.760191 99.876844 147 0 5 142 
Lebanon 33.921445 35.893428 133 4 4 125 
Kuwait 29.335882 47.595493 130 0 15 115 
San Marino 43.938171 12.463508 119 11 4 104 
Peru -9.171243 -74.356877 117 0 1 116 
South Africa -29.002312 25.080323 116 0 0 116 
United Arab Emirates 23.907182 54.333533 113 0 26 87 
Slovakia 48.707484 19.484877 105 0 0 105 
Taiwan 23.748992 120.971281 100 1 22 77 
Turkey 39.055697 35.109188 98 1 0 97 
Mexico 23.94062 -102.52514 93 0 4 89 
Panama 8.531039 -80.134502 86 1 0 85 
Armenia 40.292644 44.939476 84 0 1 83 
Serbia 44.230853 20.793766 83 0 1 82 
Bulgaria 42.757089 25.238702 81 2 0 79 
Croatia 45.140068 16.427303 81 0 5 76 
Argentina -35.181148 -65.093855 79 2 3 74 
Colombia 3.906449 -73.075029 75 0 1 74 
Algeria 28.155088 2.678749 72 5 10 57 
Latvia 56.85398 24.927459 71 0 1 70 
Brunei 4.496905 114.63084 68 0 0 68 
Vietnam 16.1676916 107.8390503 68 0 16 52 
Albania 41.139285 20.064313 59 2 0 57 
Hungary 47.165193 19.412044 58 1 2 55 
Jordan 31.248191 36.788103 52 0 1 51 
Belarus 53.5422 28.050123 51 0 5 46 
Sri Lanka 7.641645 80.691976 51 0 3 48 
Costa Rica 9.97483539581299 -84.1938552856445 50 0 0 50 
Uruguay -32.969738 -56.056064 50 0 0 50 
Cyprus 34.917409 32.958912 49 0 0 49 
Morocco 31.841399 -6.281309 49 2 1 46 
Malta 35.890556 14.439536 48 0 2 46 
Palestinian Authority 31.6253 35.1453 44 0 0 44 
Andorra 42.545303 1.576286 39 0 1 38 
Georgia 42.180487 43.507109 38 0 1 37 
North Macedonia 41.600465 21.70089 36 0 1 35 
Venezuela 7.156985 -66.223241 36 0 0 36 
Cambodia 12.710772 104.916784 35 0 1 34 
Kazakhstan 48.160108 67.266081 35 0 0 35 
Azerbaijan 40.359642 47.652401 34 1 10 23 
Bosnia and Herzegovina 44.168254 17.78525 34 0 2 32 
Lithuania 55.337311 23.883544 33 0 1 32 
Oman 20.569614 56.098076 33 0 12 21 
Senegal 14.359614 -14.468459 31 0 2 29 
Moldova 47.202145 28.465448 30 1 1 28 
Tunisia 34.114462 9.571987 29 0 0 29 
Afghanistan 33.831137 66.024712 22 0 1 21 
Dominican Republic 18.897331 -70.499937 21 1 0 20 
Burkina Faso 12.285448 -1.744179 20 1 0 19 
New Zealand -43.947636 170.502872 20 0 0 20 
Liechtenstein 47.141271 9.552783 19 0 0 19 
Macao SAR 22.194959 113.551205 15 0 10 5 
Uzbekistan 41.763491 63.151523 15 0 0 15 
Ukraine 49.160292 31.278121 14 2 0 12 
Bangladesh 23.804884 90.279211 14 1 3 10 
Jamaica 18.157793 -77.311228 13 0 2 11 
Maldives 1.912307 73.540093 13 0 0 13 
Kosovo 42.572298 20.854797 13 0 0 13 
Bolivia -16.714647 -64.657794 12 0 0 12 
Guyana 4.978388 -59.088456 11 1 0 10 
Paraguay -23.241958 -58.392766 11 0 0 11 
Cameroon 5.697136 12.742336 10 0 0 10 
Honduras 14.823818 -86.597542 9 0 0 9 
Monaco 43.736306 7.423314 9 0 0 9 
Guatemala 15.696108 -90.357092 8 1 0 7 
Nigeria 9.585454 8.093578 8 0 1 7 
Rwanda -1.99999 29.926059 8 0 0 8 
Congo (DRC) -4.589802 22.054994 7 0 0 7 
Kenya 0.537028 37.856777 7 0 0 7 
Trinidad and Tobago 10.423745 -61.296532 7 0 0 7 
Ethiopia 8.622484 39.63431 6 0 0 6 
Ghana 7.960674 -1.207611 6 0 0 6 
Côte d’Ivoire 7.635269 -5.711925 6 0 1 5 
Mongolia 46.834691 103.067633 6 0 0 6 
Cuba 21.610518 -78.96027 5 0 0 5 
Seychelles -4.678658 55.467296 4 0 0 4 
Kyrgyzstan 41.464268 74.555647 3 0 0 3 
Barbados 13.172222 -59.556425 2 0 0 2 
Liberia 6.447522 -9.311179 2 0 0 2 
Montenegro 42.785097 19.248979 2 0 0 2 
Namibia -22.139442 17.221798 2 0 0 2 
Saint Lucia 13.898548 -60.967309 2 0 0 2 
Sudan 15.983182 29.949295 2 1 0 1 
Zambia -13.463128 27.787389 2 0 0 2 
Antigua and Barbuda 17.077665 -61.79871 1 0 0 1 
Benin 9.656064 2.339582 1 0 0 1 
Bhutan 27.414827 90.426231 1 0 0 1 
Bahamas 24.679536 -78.055001 1 0 0 1 
Central African Republic 6.57575 20.484091 1 0 0 1 
Republic of the Congo -0.82734 15.241457 1 0 0 1 
Djibouti 11.731092 42.579107 1 0 0 1 
Equatorial Guinea 1.567007 10.46589 1 0 0 1 
Eswatini -26.565219 31.498117 1 0 0 1 
Gabon -0.623825 11.781533 1 0 0 1 
Guinea 10.437061 -10.934969 1 0 0 1 
Mauritania 20.258419 -10.331939 1 0 0 1 
Saint Vincent and the Grenadines 13.279378 -61.175686 1 0 0 1 
Somalia 6.5336451 48.0761719 1 0 0 1 
Suriname 4.13907 -55.911329 1 0 0 1 
Tanzania -6.267545 34.810957 1 0 0 1 
Togo 8.53076 0.976809 1 0 0 1 
Vatican City 41.903395 12.4528313 1 0 0 1 
Nepal 28.259138 83.944163 1 0 1 0 
